Fre Jun 21 16:57:48 CEST 2019
win: 100
samples, lemire, cuda_malloc, cuda_pagelocked, cuda_pagelocked_shared, thrust_naive, thrust, cuda_tiled
1000, 0.321857, 1.967013, 3.029777, 2.632127, 0.822356, 1.316407, 2.991307
10000, 2.626353, 2.078111, 3.454056, 2.635361, 0.947884, 1.403723, 2.963332
100000, 25.442860, 3.229944, 9.504252, 3.542334, 3.223975, 4.131113, 3.967016
1000000, 233.283981, 14.867891, 69.983901, 10.735556, 13.118389, 14.854036, 11.276540
10000000, 2308.518372, 135.533925, 692.341472, 89.585122, 132.977374, 139.735100, 94.707783
win: 200
samples, lemire, cuda_malloc, cuda_pagelocked, cuda_pagelocked_shared, thrust_naive, thrust, cuda_tiled
1000, 0.602205, 2.456075, 4.277188, 3.592935, 1.326158, 1.727669, 3.972133
10000, 5.382589, 2.700675, 6.014115, 3.507134, 1.565689, 1.959871, 4.163436
100000, 30.391223, 3.488967, 15.278740, 3.666447, 3.356079, 4.283249, 3.918233
1000000, 230.737569, 18.724725, 133.934736, 11.111872, 15.848876, 16.907769, 12.351863
10000000, 2313.429597, 146.408244, 1294.542214, 88.674523, 139.429590, 139.988866, 94.485335
win: 300
samples, lemire, cuda_malloc, cuda_pagelocked, cuda_pagelocked_shared, thrust_naive, thrust, cuda_tiled
1000, 0.323033, 2.005892, 3.456049, 2.519103, 0.949780, 1.316115, 2.777894
10000, 2.579828, 1.891633, 5.289432, 2.412734, 0.981218, 1.467674, 2.887876
100000, 29.080265, 4.414958, 21.402265, 4.826639, 4.833540, 4.355147, 4.281672
1000000, 231.601648, 20.622333, 189.224506, 11.853080, 19.245598, 17.050695, 12.552035
10000000, 2308.890079, 175.592426, 1833.445390, 90.037704, 166.719238, 129.649288, 92.817982
win: 400
samples, lemire, cuda_malloc, cuda_pagelocked, cuda_pagelocked_shared, thrust_naive, thrust, cuda_tiled
1000, 0.562135, 2.485606, 4.879247, 3.455255, 1.345255, 1.751785, 3.802697
10000, 2.362884, 1.900542, 6.804054, 2.246663, 0.972777, 1.188591, 2.471294
100000, 30.256028, 4.110027, 27.562046, 3.825666, 4.471623, 5.245289, 5.082426
1000000, 230.237486, 24.680804, 254.455792, 12.285615, 20.868396, 20.807908, 13.465672
10000000, 2308.826183, 213.241380, 2441.824443, 97.693870, 201.011489, 190.498332, 108.244512
win: 500
samples, lemire, cuda_malloc, cuda_pagelocked, cuda_pagelocked_shared, thrust_naive, thrust, cuda_tiled
1000, 0.544941, 2.536895, 4.784051, 3.668428, 1.487802, 1.827201, 3.861025
10000, 5.754064, 3.031124, 9.633280, 3.284000, 1.660932, 2.208091, 4.084859
100000, 30.194977, 4.842947, 33.003302, 4.516886, 5.182556, 5.307508, 4.567358
1000000, 230.467344, 26.510788, 300.338603, 12.706949, 23.521503, 26.028632, 15.151425
10000000, 2312.932010, 236.048074, 2998.390958, 102.118394, 225.336104, 239.464271, 125.871266
win: 600
samples, lemire, cuda_malloc, cuda_pagelocked, cuda_pagelocked_shared, thrust_naive, thrust, cuda_tiled
1000, 0.433092, 2.671837, 4.767574, 3.373938, 1.244908, 1.801101, 3.575579
10000, 2.556078, 2.299273, 7.613732, 2.621048, 1.088080, 1.537451, 2.805814
100000, 29.179185, 5.511536, 40.148222, 5.180105, 5.614807, 4.799644, 4.404931
1000000, 232.013368, 31.417268, 371.678368, 13.555844, 26.246012, 18.406502, 14.755615
10000000, 2311.643192, 275.808060, 3617.450966, 110.740068, 263.420394, 173.572344, 122.959792
win: 700
samples, lemire, cuda_malloc, cuda_pagelocked, cuda_pagelocked_shared, thrust_naive, thrust, cuda_tiled
1000, 0.509771, 2.561637, 4.994631, 3.792587, 1.410279, 1.852455, 3.933430
10000, 5.677580, 2.959613, 10.165349, 3.325310, 1.711983, 2.062307, 3.958874
100000, 32.070867, 5.604003, 44.528126, 4.373758, 5.409691, 5.883420, 4.649634
1000000, 230.847424, 32.204841, 439.675724, 14.360920, 29.109433, 24.038751, 17.873917
10000000, 2317.790315, 295.067240, 4146.881594, 115.573202, 275.571971, 210.940634, 225.678612
win: 800
samples, lemire, cuda_malloc, cuda_pagelocked, cuda_pagelocked_shared, thrust_naive, thrust, cuda_tiled
1000, 0.314308, 1.861288, 3.742291, 2.360326, 0.902986, 1.481240, 2.705327
10000, 5.936714, 3.422282, 10.884142, 3.910810, 2.030682, 2.523752, 4.760145
100000, 32.246613, 6.133525, 50.745569, 5.516131, 6.247291, 6.248338, 4.745574
1000000, 230.334687, 34.558412, 481.596234, 14.754600, 31.405689, 28.616961, 20.469771
10000000, 2313.990160, 335.040323, 4811.116604, 123.910977, 314.971053, 276.389211, 183.186320
win: 900
samples, lemire, cuda_malloc, cuda_pagelocked, cuda_pagelocked_shared, thrust_naive, thrust, cuda_tiled
1000, 0.305569, 1.994643, 3.971324, 2.823382, 1.071075, 1.532730, 2.958479
10000, 4.821537, 2.885793, 12.365340, 3.317478, 1.755065, 2.169034, 3.978667
100000, 23.316914, 5.227773, 57.840241, 4.284014, 5.556786, 5.203480, 5.687417
1000000, 229.883886, 37.394922, 538.182838, 15.017462, 33.842426, 33.813618, 30.913047
10000000, 2317.753415, 371.618584, 5446.386434, 129.894989, 347.311000, 333.715715, 287.767484
win: 1000
samples, lemire, cuda_malloc, cuda_pagelocked, cuda_pagelocked_shared, thrust_naive, thrust, cuda_tiled
1000, 0.441145, 2.508405, 4.365055, 3.692227, 1.345977, 1.928381, 3.725190
10000, 5.100759, 2.870452, 13.033215, 3.015000, 1.777515, 2.251221, 5.050348
100000, 31.071409, 6.734337, 61.985974, 5.503428, 6.540924, 7.349332, 16.374577
1000000, 229.906705, 40.578546, 596.084243, 15.705420, 36.753673, 39.264042, 134.196881
10000000, 2308.090026, 372.983004, 5899.789999, 131.533495, 346.820556, 358.449573, 1315.407373
